     0/199        2G   0.06828   0.01538   0.02463    0.1083        45       640    0.2172    0.3845    0.1777   0.06475   0.08304   0.01228   0.02324
     1/199     13.7G   0.05038   0.01387   0.01878   0.08303        71       640    0.4001    0.5918    0.4351    0.1957   0.07393    0.0095   0.02094
     2/199     11.6G   0.04553   0.01244   0.01262    0.0706        44       640    0.6011    0.5988    0.5977    0.2289     0.067  0.008218   0.01788
     3/199     11.6G   0.04184   0.01106  0.008295    0.0612        47       640     0.722    0.7662    0.7303    0.3548   0.07182  0.007167   0.01432
     4/199     11.6G   0.04026   0.01036   0.00659   0.05721        50       640    0.6499     0.671    0.6692    0.3208   0.06693  0.007503   0.01441
     5/199     11.6G   0.03851   0.01054  0.005874   0.05493        47       640    0.7205    0.8111     0.786    0.4426   0.06472  0.006797   0.01196
     6/199     11.6G   0.03338  0.009723  0.005279   0.04838        63       640    0.7194    0.6814    0.7007    0.4694   0.05949  0.006802   0.01243
     7/199     11.6G   0.03227  0.009668  0.004433   0.04637        23       640    0.7571    0.6664    0.7463     0.474    0.0595  0.007188   0.01148
     8/199     11.6G   0.03279  0.009741    0.0051   0.04763        48       640    0.5588    0.6813    0.5928    0.3912   0.05764  0.007494   0.01575
     9/199     11.6G   0.03063   0.01007  0.005056   0.04575        69       640    0.7901    0.7462     0.767    0.5111   0.05513  0.007688  0.009838
    10/199     11.6G   0.02896   0.01023  0.004449   0.04364        54       640    0.7023    0.7474    0.7179    0.5031   0.05405  0.007655   0.01207
    11/199     11.6G   0.02803  0.009827  0.004034   0.04189        65       640    0.6915    0.7022    0.6863    0.4723   0.05002  0.008683   0.01679
    12/199     11.6G   0.02701  0.009858  0.003985   0.04085        38       640    0.7258    0.7669    0.7633    0.5106    0.0501  0.007909   0.01085
    13/199     11.6G   0.02605  0.009604  0.003415   0.03907        62       640    0.6107    0.7763     0.665    0.4642   0.04897  0.007769    0.0104
    14/199     11.6G   0.02587  0.009477  0.003308   0.03865        82       640    0.6973    0.6372    0.6395    0.4344    0.0481  0.008135   0.01377
    15/199     11.6G   0.02572  0.009306  0.003206   0.03824        31       640    0.6922    0.7967    0.7228    0.4937   0.04595  0.007593   0.01462
    16/199     11.6G   0.02554  0.009301  0.003014   0.03786        28       640    0.7432     0.719    0.7296    0.4973   0.04665  0.008248   0.01079
    17/199     11.6G   0.02497  0.009388  0.002977   0.03734        41       640    0.7637    0.6515     0.716    0.5077   0.04363  0.008515   0.01088
    18/199     11.6G   0.02523  0.009341  0.002914   0.03748        44       640    0.7456    0.6788    0.7478    0.5218   0.04368  0.008472   0.01118
    19/199     11.6G   0.02468   0.00882  0.002734   0.03623        42       640    0.7174    0.7179    0.7154    0.4957   0.04491  0.008048   0.01178
    20/199     11.6G   0.02482  0.009184  0.003197    0.0372        48       640    0.6457    0.7195    0.6768    0.4785   0.04299  0.008891   0.01385
    21/199     11.6G     0.024  0.008916  0.002886    0.0358        45       640    0.7319    0.7191    0.7185    0.5029   0.04308    0.0093   0.01757
    22/199     11.6G   0.02429  0.008855  0.003017   0.03616        31       640    0.6779    0.8271    0.7749    0.5363   0.04243  0.009048   0.01485
    23/199     13.9G   0.02385  0.008534  0.002197   0.03458        30       640    0.7282    0.7036     0.679    0.4873   0.04243  0.009224   0.01326
    24/199     13.9G   0.02351  0.008824   0.00251   0.03484        40       640    0.6404     0.741    0.7091    0.5039   0.04303  0.008782   0.01197
    25/199     13.9G   0.02389  0.008654  0.002353    0.0349        26       640    0.6312    0.7693    0.6919    0.4961   0.04231  0.008845   0.01041
    26/199     13.9G   0.02306  0.008438  0.002218   0.03372        48       640     0.693    0.6847    0.6991    0.4946   0.04304  0.008648  0.009527
    27/199     13.9G   0.02318  0.008203  0.002317    0.0337        49       640    0.6122    0.6064    0.6426    0.4695   0.04255  0.009386   0.01515
    28/199     13.9G   0.02314    0.0085  0.002345   0.03398        51       640    0.7688    0.7146    0.7593    0.5173   0.04366   0.00936   0.01143
    29/199     13.9G   0.02249  0.008571  0.002198   0.03326        44       640    0.6782      0.74    0.6866    0.5023   0.04238  0.008752   0.01329
    30/199     13.9G   0.02222  0.008221    0.0023   0.03275        43       640    0.6837    0.8101    0.7913    0.5475   0.04343  0.008763   0.01109
    31/199     13.9G   0.02328  0.008293  0.002067   0.03364        51       640    0.7132    0.7986    0.7776    0.5687   0.04297  0.009195   0.01029
    32/199     13.9G   0.02236  0.008419  0.002091   0.03287        69       640    0.6776     0.776    0.7131    0.5179   0.04247  0.008756   0.01268
    33/199     13.9G   0.02269  0.008213  0.001983   0.03289        39       640    0.6551    0.7393    0.7021    0.5393   0.04121  0.008331   0.01141
    34/199     13.9G   0.02182  0.008442  0.001886   0.03215        61       640    0.7438    0.7419    0.7392    0.5396   0.04329  0.009031  0.007729
    35/199     13.9G   0.02168  0.008175   0.00173   0.03159        52       640    0.7177     0.712    0.6882     0.518   0.04121  0.009123  0.009648
    36/199     13.9G   0.02156  0.007861  0.001963   0.03139        42       640    0.7435     0.725    0.7332    0.5204   0.04173  0.008608  0.007306
    37/199     13.9G   0.02161  0.007944  0.001827   0.03138        41       640    0.7328     0.708    0.7212    0.5153   0.04199  0.008974  0.009298
    38/199     13.9G   0.02144   0.00772  0.001648   0.03081        39       640    0.6758    0.8288    0.7122    0.5263   0.04129   0.00902  0.009096
    39/199     13.9G   0.02079  0.007706  0.001828   0.03032        53       640    0.7086    0.7457    0.7322    0.5264   0.04241  0.009416  0.008171
    40/199     13.9G   0.02146  0.007818  0.001878   0.03115        50       640    0.6744    0.6949     0.719    0.5179   0.03935  0.009232   0.01215
    41/199     13.9G   0.02095  0.007589  0.001506   0.03005        55       640    0.7345    0.6307    0.7455    0.5685   0.03727  0.009128  0.008422
    42/199     13.9G   0.02094  0.007704  0.001695   0.03034        44       640    0.6474     0.848    0.7633    0.5518   0.03695  0.008733   0.00676
    43/199     13.9G   0.02051   0.00749  0.001563   0.02956        41       640     0.748    0.7661    0.7206    0.5296   0.03849  0.008842  0.007701
    44/199     13.9G   0.02047   0.00774  0.001623   0.02984        52       640    0.6449    0.7155      0.64    0.4806    0.0402  0.008568   0.01323
    45/199     13.9G   0.02028   0.00757  0.001641   0.02949        69       640    0.6661     0.754    0.6961    0.5382   0.04058  0.009305  0.008477
    46/199     13.9G   0.02069   0.00762  0.001585    0.0299        47       640    0.6883     0.855    0.7861    0.5659    0.0416  0.009043  0.008003
    47/199     13.9G   0.02062  0.007763  0.001559   0.02994        33       640    0.6866    0.7563    0.7331    0.5435   0.04007  0.008765  0.007468
    48/199     13.9G   0.02064  0.007603  0.001638   0.02988        56       640    0.7842    0.7266    0.7424    0.5638    0.0396  0.009638  0.008089
    49/199     13.9G   0.01996  0.007685  0.001547    0.0292        36       640    0.7714    0.7433     0.742    0.5703      0.04  0.009364   0.00649
    50/199     13.9G   0.01978  0.007253  0.001345   0.02838        24       640    0.6903    0.7097    0.7123    0.5393   0.03855  0.008953  0.008151
    51/199     13.9G   0.01982  0.007106  0.001421   0.02835        35       640    0.7205    0.8281    0.7873     0.588   0.03893  0.008916  0.005422
    52/199     13.9G   0.01972  0.007228   0.00141   0.02836        37       640     0.793    0.7323    0.7491    0.5376   0.04246  0.009243   0.01161
    53/199     13.9G   0.01932  0.007051  0.001433    0.0278        55       640    0.7515     0.674    0.7295    0.5596   0.03915  0.009395  0.006942
    54/199     13.9G   0.01962  0.006903  0.001317   0.02784        57       640    0.7267    0.7593    0.7038    0.5452   0.03805  0.009914  0.008346
    55/199     13.9G   0.01951  0.007234  0.001326   0.02807        40       640    0.7552    0.7416     0.719    0.5474   0.03739  0.009348  0.009041
    56/199     13.9G   0.01957  0.007214  0.001685   0.02847        57       640    0.7568    0.7007    0.7415    0.5565   0.03893  0.009389  0.008777
    57/199     13.9G   0.01943  0.007183  0.001373   0.02799        59       640    0.7789    0.8008     0.781    0.5701   0.03883  0.009761  0.007805
    58/199     13.9G   0.01927  0.007172  0.001318   0.02776        44       640    0.8284    0.7997     0.805    0.5936   0.03985  0.009059  0.007345
    59/199     13.9G   0.01863  0.007218   0.00154   0.02739        38       640    0.7965    0.7651    0.7378    0.5493   0.04039  0.009249  0.006241
    60/199     13.9G   0.01876  0.007119  0.001487   0.02736        58       640    0.8188    0.6454    0.7157    0.5197   0.04256  0.009808  0.008653
    61/199     13.9G   0.01815  0.007079  0.001273    0.0265        42       640    0.8021    0.7532    0.7287    0.5314   0.04132  0.009458  0.007233
    62/199     13.9G   0.01907  0.007144   0.00148    0.0277        32       640    0.7204    0.8109    0.7405    0.5573   0.03889  0.008986  0.007695
    63/199     13.9G   0.01881  0.006995  0.001521   0.02732        47       640     0.825     0.744    0.7929    0.5855   0.03963  0.009103  0.005441
    64/199     13.9G   0.01894  0.006904  0.001441   0.02729        49       640    0.6961    0.7582    0.7629    0.5762   0.04021  0.009411  0.006072
    65/199     13.9G   0.01827  0.006867  0.001469   0.02661        30       640    0.7251    0.8029    0.7376    0.5455   0.03883  0.009447   0.00672
    66/199     13.9G   0.01844   0.00701  0.001458   0.02691        38       640    0.7957    0.7673    0.7364    0.5459   0.03934   0.01008  0.006325
    67/199     13.9G   0.01828  0.006783   0.00125   0.02632        80       640    0.7139    0.6817    0.6973    0.5485   0.03928  0.009968  0.007013
    68/199     13.9G   0.01855  0.006851  0.001391   0.02679        47       640    0.7801    0.8079    0.7744    0.5757   0.04027  0.009221  0.008404
    69/199     13.9G   0.01811  0.007025  0.001277   0.02641        44       640    0.8043    0.7526     0.809    0.6053   0.03986  0.008835  0.006759
    70/199     13.9G   0.01809  0.007022  0.001292   0.02641        63       640    0.8053    0.7816    0.7575     0.576   0.03834  0.009834  0.005607
    71/199     13.9G   0.01825  0.006851  0.001266   0.02637        48       640    0.7868    0.7513    0.7429     0.567   0.04001  0.009516   0.01018
    72/199     13.9G   0.01863  0.006797  0.001193   0.02662        70       640    0.7926    0.8069    0.7677    0.5889   0.04014   0.00947  0.008278
    73/199     13.9G   0.01792  0.006496 0.0009174   0.02533        24       640    0.7583    0.8076    0.7714    0.5851   0.03911  0.009364  0.006591
    74/199     13.9G   0.01748  0.006709  0.001451   0.02564        45       640    0.6862    0.7649    0.6943    0.5336     0.039  0.009709  0.008914
    75/199     13.9G   0.01773  0.006545  0.001292   0.02557        24       640    0.6804    0.7968     0.732     0.548   0.03926   0.01018  0.006517
    76/199     13.9G    0.0177  0.006603  0.001262   0.02556        58       640    0.7121    0.8023    0.7398    0.5505   0.03883   0.01025  0.005612
    77/199     13.9G   0.01751   0.00673  0.001257    0.0255        52       640    0.6367    0.7897    0.7119    0.5564   0.03763  0.009455  0.006648
    78/199     13.9G   0.01781  0.006692  0.001295    0.0258        61       640    0.8193    0.7222    0.8005    0.6118   0.03689  0.009864  0.005897
    79/199     13.9G    0.0172  0.006671  0.001338   0.02521        44       640    0.6887     0.786    0.7436    0.5728   0.03636  0.009977  0.007684
    80/199     13.9G   0.01708  0.006428  0.001091   0.02459        34       640    0.7458    0.7827    0.7427    0.5876   0.03758   0.00984  0.007268
    81/199     13.9G   0.01732  0.006734  0.001039    0.0251        69       640    0.6981    0.7459    0.7009    0.5438   0.03831   0.01023   0.00883
    82/199     13.9G   0.01717  0.006563  0.001216   0.02495        46       640    0.7279     0.796    0.7256    0.5655   0.03962  0.009609  0.006861
    83/199     13.9G   0.01652  0.006499  0.001136   0.02416        38       640    0.7923    0.7425    0.7633    0.5861   0.03923  0.009787  0.006588
    84/199     13.9G   0.01693  0.006348  0.001077   0.02436        29       640    0.7563    0.7755    0.7586    0.5904    0.0378  0.009496  0.005625
    85/199     13.9G   0.01635  0.006423 0.0009862   0.02376        50       640    0.7396    0.7685    0.7428    0.5689   0.03786  0.009803  0.006337
    86/199     13.9G   0.01682  0.006437  0.001001   0.02426        38       640    0.8345    0.7312    0.7858    0.5869   0.03816    0.0102  0.006447
    87/199     13.9G   0.01652  0.006376 0.0009568   0.02385        45       640    0.7937    0.7558    0.7435    0.5651   0.03677  0.009942  0.006131
    88/199     13.9G   0.01617  0.006113   0.00107   0.02335        38       640    0.7583    0.7573     0.744    0.5703    0.0374    0.0102  0.008114
    89/199     13.9G   0.01632  0.006279  0.001099    0.0237        42       640    0.7908    0.8206    0.7754    0.6153   0.03855   0.01012  0.007427
    90/199     13.9G   0.01632  0.006202  0.001017   0.02354        39       640    0.7678    0.7896    0.7651     0.586   0.03698   0.01021  0.005652
    91/199     13.9G   0.01682  0.006197  0.001249   0.02427        39       640    0.7312    0.7577    0.7656    0.5692    0.0368  0.009724  0.006826
    92/199     13.9G   0.01634   0.00628  0.001167   0.02379        49       640    0.8251    0.7155    0.7675    0.5889   0.03793   0.01022  0.009854
    93/199     13.9G   0.01594  0.006128  0.001052   0.02312        56       640    0.8321    0.7336    0.8023    0.6093   0.03776   0.01015  0.007592
    94/199     13.9G   0.01633  0.006199 0.0009952   0.02352        42       640    0.7871    0.8083    0.7993    0.6237   0.03648  0.009655  0.006063
    95/199     13.9G   0.01582  0.005914 0.0007504   0.02248        43       640    0.8302    0.7291    0.7637    0.6005   0.03751   0.01062  0.007726
    96/199     13.9G   0.01625  0.006188  0.001023   0.02346        43       640    0.7754      0.78    0.7772    0.5916   0.03791   0.01016  0.006531
    97/199     13.9G   0.01608  0.006206  0.001119    0.0234        63       640    0.8058    0.7937    0.7948    0.6083   0.03734  0.009725  0.005269
    98/199     13.9G   0.01585  0.006029  0.001063   0.02294        25       640    0.8037    0.7968    0.7845    0.6055   0.03797    0.0104  0.006097
    99/199     13.9G   0.01585  0.005921  0.001074   0.02285        39       640      0.75    0.7853    0.7553    0.5799   0.03734   0.01021   0.00633
   100/199     13.9G   0.01594  0.006146  0.001054   0.02314        49       640    0.7927    0.7824    0.7677    0.5979   0.03842   0.01076   0.01156
   101/199     13.9G   0.01588  0.006147  0.001093   0.02312        48       640    0.7638     0.801    0.7666    0.5804   0.03801  0.009951  0.005748
   102/199     13.9G   0.01576  0.006073  0.001069    0.0229        41       640    0.8136    0.7606    0.7993    0.6187   0.03847  0.009657  0.005449
   103/199     13.9G   0.01545  0.006094 0.0009939   0.02254        51       640    0.8684    0.7882    0.8484    0.6496   0.03736  0.009318  0.004856
   104/199     13.9G   0.01578   0.00602  0.001086   0.02288        60       640    0.7328    0.7992    0.7514     0.568   0.03802  0.009994  0.006675
   105/199     13.9G   0.01546   0.00609   0.00113   0.02268        29       640    0.7141    0.8124    0.7617    0.5881   0.03601   0.01028   0.00567
   106/199     13.9G   0.01516  0.006156 0.0008685   0.02218        60       640    0.8508    0.7654    0.7827    0.5848     0.036   0.01045  0.004492
   107/199     13.9G   0.01525  0.005891 0.0006744   0.02181        31       640    0.8134    0.7859    0.7803     0.607   0.03571   0.01041  0.005759
   108/199     13.9G   0.01499  0.005707 0.0007749   0.02147        46       640    0.8632    0.7852    0.7889    0.5866   0.03692   0.01102  0.005423
   109/199     13.9G   0.01529  0.005876 0.0008965   0.02206        53       640     0.765    0.7925    0.7594    0.5848   0.03562   0.01059  0.005011
   110/199     13.9G   0.01534  0.005659  0.001069   0.02206        41       640    0.8137    0.7962    0.7617    0.5916   0.03577   0.01072  0.005381
   111/199     13.9G   0.01576    0.0058 0.0009795   0.02254        71       640    0.8062    0.7886    0.7708    0.6036    0.0371   0.01054  0.005419
   112/199     13.9G   0.01505  0.005785 0.0009818   0.02181        39       640     0.812     0.817    0.7781     0.618   0.03584   0.01066  0.006162
   113/199     13.9G   0.01505  0.005917  0.001097   0.02206        58       640    0.7288    0.7859    0.7456    0.5828   0.03556   0.01047  0.006521
   114/199     13.9G   0.01525   0.00598 0.0009127   0.02214        48       640    0.7888    0.7955     0.771    0.6112   0.03654   0.01061  0.005542
   115/199     13.9G   0.01496  0.005786 0.0008911   0.02164        62       640     0.796     0.782    0.7836    0.6119   0.03527   0.01005  0.005036
   116/199     13.9G   0.01462  0.005636 0.0009127   0.02116        54       640    0.7425    0.8041    0.7569    0.5909    0.0361   0.01027  0.005851
   117/199     13.9G   0.01544  0.005708  0.000814   0.02197        51       640    0.8086    0.7743    0.7869    0.6046   0.03675   0.01026   0.00633
   118/199     13.9G   0.01532  0.005942 0.0009674   0.02223        36       640    0.8042    0.7882    0.7727    0.6084   0.03718   0.01022  0.004628
   119/199     13.9G   0.01481   0.00586 0.0008546   0.02153        48       640    0.8444     0.709    0.7784    0.5989   0.03591   0.01037  0.005013
   120/199     13.9G   0.01464  0.005551 0.0008895   0.02108        32       640    0.7493    0.7613    0.7242    0.5792   0.03603   0.01052  0.005264
   121/199     13.9G   0.01451  0.005654 0.0007853   0.02095        50       640    0.8033     0.807     0.772    0.5858   0.03761   0.01048  0.004575
   122/199     13.9G   0.01482  0.005913 0.0009847   0.02172        28       640    0.7933    0.8277    0.8079    0.6157   0.03671   0.01054  0.004641
   123/199     13.9G   0.01492   0.00574  0.001031   0.02169        66       640    0.8528    0.7779    0.7901    0.6212   0.03617   0.01059  0.005351
   124/199     13.9G   0.01453  0.005649 0.0008833   0.02106        34       640    0.8436    0.7757    0.7798    0.6102   0.03635   0.01075  0.004889
   125/199     13.9G   0.01471  0.005681 0.0007884   0.02118        45       640     0.814    0.7752    0.7922    0.6155    0.0353   0.01051  0.005529
   126/199     13.9G   0.01446  0.005642 0.0007593   0.02086        75       640     0.823    0.7792    0.7905    0.6311   0.03504   0.01043  0.005037
   127/199     13.9G   0.01435  0.005507  0.001077   0.02094        35       640    0.8514    0.7958    0.7921    0.6127   0.03617   0.01065  0.004699
   128/199     13.9G   0.01448  0.005562 0.0009748   0.02102        55       640    0.8609    0.8007    0.8168     0.613   0.03447   0.01095  0.004545
   129/199     13.9G    0.0143  0.005635 0.0009454   0.02088        50       640    0.8598    0.7855    0.8075    0.6261   0.03258   0.01083  0.004792
   130/199     13.9G   0.01398  0.005485  0.001064   0.02052        50       640    0.8178    0.8031    0.7991    0.6225   0.03296   0.01078  0.005243
   131/199     13.9G   0.01394  0.005557 0.0007512   0.02024        91       640    0.8722    0.7947    0.7896    0.6088   0.03412   0.01042  0.003983
   132/199     13.9G   0.01373   0.00531 0.0007555    0.0198        46       640    0.8197     0.797    0.7786    0.6042   0.03511   0.01078  0.005984
   133/199     13.9G     0.014  0.005412 0.0007805   0.02019        64       640    0.8648    0.7982     0.771     0.606   0.03426   0.01083  0.003883
   134/199     13.9G   0.01418    0.0055  0.000845   0.02052        40       640    0.8502    0.7963    0.7608    0.6039    0.0345   0.01109  0.004197
   135/199     13.9G   0.01416  0.005482 0.0007339   0.02038        47       640      0.83    0.7988     0.781    0.6231   0.03431   0.01093  0.004213
   136/199     13.9G   0.01381  0.005433  0.000737   0.01998        55       640    0.8513    0.7585    0.7565    0.5989   0.03571   0.01124  0.005867
   137/199     13.9G   0.01399  0.005559  0.000849    0.0204        52       640    0.8377    0.7671    0.7671    0.5891   0.03385   0.01096  0.005066
   138/199     13.9G   0.01373  0.005362 0.0009334   0.02003        64       640    0.7774    0.7608    0.7346    0.5822   0.03146   0.01135  0.005038
   139/199     13.9G   0.01407  0.005576 0.0008139   0.02046        38       640    0.8486    0.7965    0.7698    0.5893   0.03131   0.01161  0.004594
   140/199     13.9G   0.01369  0.005566  0.000843    0.0201        55       640    0.8563     0.783    0.7764    0.5912   0.03122   0.01121  0.004879
   141/199     13.9G   0.01353   0.00551 0.0007344   0.01978        69       640    0.8572     0.769    0.7843    0.6055   0.03165   0.01115  0.005083
   142/199     13.9G   0.01372  0.005328 0.0007695   0.01982        43       640    0.8279     0.809    0.7767    0.6037   0.03096   0.01152  0.004227
   143/199     13.9G   0.01372  0.005489 0.0008055   0.02002        39       640    0.8624     0.772    0.7838    0.5976   0.02986   0.01132   0.00422
   144/199     13.9G   0.01377  0.005375  0.000931   0.02007        28       640     0.827    0.8108    0.7707     0.594   0.03088   0.01127  0.004191
   145/199     13.9G   0.01348  0.005313 0.0006764   0.01947        85       640     0.855    0.8067    0.7943    0.6121   0.03201   0.01128   0.00492
   146/199     13.9G   0.01352  0.005409 0.0005503   0.01948        44       640    0.8429    0.8219    0.7944    0.6121    0.0315   0.01098  0.004104
   147/199     13.9G   0.01327  0.005174 0.0007018   0.01914        47       640    0.8719    0.7901    0.8015    0.6241   0.03019   0.01106  0.003419
   148/199     13.9G   0.01326   0.00537  0.000711   0.01934        39       640    0.8344    0.7969    0.8136    0.6389   0.03025   0.01096  0.004099
   149/199     13.9G   0.01345  0.005094 0.0006609   0.01921        58       640    0.8851    0.7851    0.8121    0.6278    0.0306   0.01133  0.003478
   150/199     13.9G    0.0133  0.005227  0.000679   0.01921        54       640    0.8812    0.7887    0.8127    0.6221   0.02997   0.01132  0.004167
   151/199     13.9G   0.01323   0.00514 0.0006501   0.01902        51       640    0.8524    0.8004    0.8057    0.6169   0.03006   0.01143  0.003691
   152/199     13.9G   0.01311  0.005235 0.0007777   0.01912        52       640     0.854    0.8001     0.795      0.61   0.02898    0.0115  0.003813
   153/199     13.9G   0.01306   0.00526 0.0006255   0.01894       100       640     0.881    0.7782    0.8011     0.606   0.02925    0.0111  0.004617
   154/199     13.9G    0.0131  0.005208 0.0006339   0.01895        38       640    0.8879    0.7694    0.8019    0.6088   0.02822    0.0115  0.003746
   155/199     13.9G   0.01276  0.005026  0.000677   0.01846        46       640    0.8577    0.7777    0.7945    0.5811   0.02901   0.01163  0.004045
   156/199     13.9G   0.01293  0.005247  0.000602   0.01877        37       640    0.8586    0.7906    0.7904    0.6097   0.02974   0.01196  0.003303
   157/199     13.9G   0.01288  0.004905  0.000644   0.01843        47       640    0.8523    0.7932    0.7839    0.5978   0.02957     0.012  0.003321
   158/199     13.9G   0.01263  0.004996 0.0004952   0.01812        25       640    0.8549    0.7928    0.7669    0.5988   0.02897   0.01176  0.003654
   159/199     13.9G   0.01298  0.005112 0.0005175   0.01861        51       640    0.8386    0.7904    0.7796    0.6061   0.02916   0.01166  0.004125
   160/199     13.9G   0.01238  0.004789  0.000446   0.01761        32       640    0.8633    0.7759     0.796    0.6049   0.02958   0.01141  0.004886
   161/199     13.9G   0.01281  0.005084 0.0007256   0.01862        26       640    0.8367     0.787    0.7932    0.6136   0.03002   0.01143  0.004293
   162/199     13.9G    0.0126   0.00512 0.0006577   0.01838        57       640     0.839    0.7854    0.7661    0.5933   0.02967   0.01151  0.004253
   163/199     13.9G   0.01319  0.005297 0.0006841   0.01917        49       640    0.8391    0.7989    0.7818     0.584   0.02967   0.01129  0.003817
   164/199     13.9G   0.01286  0.005045 0.0006767   0.01858        46       640    0.8333    0.7945    0.7754    0.5793   0.03033   0.01124  0.004321
   165/199     13.9G   0.01255  0.005152 0.0006736   0.01838        35       640    0.8641    0.7877    0.7798    0.5943   0.03105   0.01122  0.004378
   166/199     13.9G    0.0125   0.00483 0.0006034   0.01793        76       640    0.8759     0.789     0.806    0.6181   0.03072   0.01133  0.003994
   167/199     13.9G   0.01244  0.005009 0.0006601   0.01811        50       640    0.8833    0.7899    0.7953    0.6051   0.03003   0.01152  0.004553
   168/199     13.9G    0.0127  0.004872 0.0006015   0.01818        43       640    0.8372     0.798    0.8032    0.6067   0.02976   0.01136  0.004394
   169/199     13.9G   0.01245  0.004912  0.000682   0.01804        58       640     0.823    0.7828    0.7869    0.6163   0.02954   0.01142  0.003675
   170/199     13.9G   0.01285  0.005107 0.0006963   0.01866        47       640    0.8503    0.7699    0.7701    0.5994   0.02992   0.01147  0.003982
   171/199     13.9G   0.01279  0.005177 0.0006857   0.01865        32       640    0.8449     0.771     0.766    0.6041   0.02978   0.01162  0.004138
   172/199     13.9G   0.01251  0.004926 0.0005604   0.01799        37       640    0.8677    0.7696    0.7668    0.5903   0.03011    0.0117  0.004201
   173/199     13.9G   0.01227  0.004863 0.0006492   0.01779        45       640    0.8731    0.7608    0.7707    0.5962   0.02987    0.0118  0.003978
   174/199     13.9G   0.01215  0.004824 0.0005859   0.01756        54       640    0.8654     0.764    0.7656     0.591   0.02982   0.01186  0.003515
   175/199     13.9G   0.01225   0.00489 0.0007054   0.01784        29       640    0.8531    0.7786    0.7702    0.5966   0.02995   0.01194  0.003433
   176/199     13.9G   0.01229  0.004834 0.0005325   0.01765        68       640    0.8518    0.7971    0.7814    0.6128   0.03007   0.01178  0.003532
   177/199     13.9G   0.01228  0.004949 0.0005673   0.01779        39       640    0.8533     0.789    0.7802    0.6108   0.03059   0.01189  0.003642
   178/199     13.9G   0.01215  0.004947 0.0006626   0.01776        69       640    0.8503    0.7826    0.7762    0.6025   0.03058   0.01177  0.003903
   179/199     13.9G   0.01246  0.004957 0.0006237   0.01804        42       640    0.8588    0.7839    0.7708    0.5989   0.03058   0.01195  0.003982
   180/199     13.9G   0.01244  0.004852 0.0006657   0.01796        37       640    0.8285    0.7977    0.7787    0.6107   0.03086   0.01186  0.004062
   181/199     13.9G   0.01211  0.004687  0.000479   0.01728        51       640    0.8526    0.7663    0.7729    0.6043   0.03098   0.01204  0.004119
   182/199     13.9G   0.01251  0.004942 0.0006147   0.01807        38       640    0.8495    0.7737    0.7754    0.6071   0.03096   0.01193  0.004102
   183/199     13.9G   0.01216  0.004778 0.0006077   0.01754        55       640    0.8621    0.7773     0.789    0.6034   0.03081   0.01184  0.004354
   184/199     13.9G   0.01242  0.004895  0.000746   0.01806        46       640    0.8464    0.7746    0.7873    0.6014   0.03081   0.01206  0.004458
   185/199     13.9G   0.01234  0.005068 0.0007481   0.01816        59       640    0.8377    0.7747     0.771    0.5984   0.02973   0.01215  0.003927
   186/199     13.9G   0.01233    0.0049 0.0004639   0.01769        61       640    0.8527    0.7864    0.7949    0.6035   0.02988   0.01218  0.003784
   187/199     13.9G   0.01206  0.004698 0.0005914   0.01735        50       640    0.8643    0.7767    0.7952    0.6061   0.03087   0.01227  0.003774
   188/199     13.9G   0.01241    0.0048 0.0005996   0.01781        40       640    0.8436    0.7944    0.7801    0.6095   0.03109   0.01222  0.004047
   189/199     13.9G   0.01206  0.005041 0.0006671   0.01777        43       640    0.8772    0.7722    0.7755      0.61   0.03039   0.01206  0.003982
   190/199     13.9G   0.01158  0.004712 0.0006428   0.01693        58       640    0.8713    0.7697    0.7882    0.6148   0.03025   0.01194  0.003875
   191/199     13.9G   0.01233  0.004915 0.0006223   0.01787        43       640    0.8237     0.837    0.7927    0.6152   0.03015   0.01201  0.003804
   192/199     13.9G   0.01237  0.004919 0.0006444   0.01794        62       640    0.8675    0.7915    0.7926     0.623   0.03021   0.01196  0.003812
   193/199     13.9G   0.01198  0.004797 0.0006452   0.01742        26       640    0.8222    0.8273    0.7936    0.6203   0.03001   0.01202  0.003984
   194/199     13.9G   0.01199  0.004694 0.0006176    0.0173        55       640     0.853    0.7781    0.7823    0.6217   0.02987   0.01226  0.004295
   195/199     13.9G   0.01207  0.004688 0.0004897   0.01725        70       640    0.8676    0.7765    0.7671    0.6051   0.02989   0.01241  0.004222
   196/199     13.9G   0.01229  0.004878 0.0006414   0.01781        58       640    0.8565    0.7788    0.7829    0.6061    0.0309   0.01224  0.004659
   197/199     13.9G   0.01201  0.004682 0.0006522   0.01734        52       640    0.8519    0.7792    0.7709    0.5998   0.03072   0.01222  0.004475
   198/199     13.9G    0.0118  0.004877 0.0006158    0.0173        72       640    0.8821    0.7814     0.786    0.6149   0.03085   0.01206  0.004097
   199/199     13.9G   0.01181  0.004777 0.0006223   0.01721        41       640    0.8753    0.7803    0.7967     0.627   0.03052    0.0121  0.004527
